def get_result(num):
    number = set(num)
    for numb in range(1, 101):
        if numb not in number:
            return numb


array = [37, 20, 85, 47, 63, 92, 61, 30, 19, 24, 68, 51, 39, 10, 60, 11, 41, 21, 79, 8, 50, 75, 26, 65, 6, 43, 98, 69, 99, 66, 83, 73, 86, 48, 62, 53, 45, 90, 74, 89, 78, 97, 84, 72, 67, 14, 35, 56, 27, 70, 76, 91, 15, 36, 3, 46, 17, 94, 12, 23, 38, 9, 93, 64, 33, 58, 87, 29, 96, 57, 7, 4, 5, 80, 55, 2, 100, 31, 32, 81, 82, 54, 59, 88, 42, 16, 49, 28, 77, 22, 34, 18, 95, 25, 13, 40, 44, 71]
missing_num = get_result(array)
print("The missing number is:", missing_num)
